-10.0000 3.54402111
-9.9000 3.42753589
-9.8000 3.30647913
-9.7000 3.18176063
-9.6000 3.05432678
-9.5000 2.92515112
-9.4000 2.79522457
-9.3000 2.66554558
-9.2000 2.53711009
-9.1000 2.41090164
-9.0000 2.28788151
-8.9000 2.16897914
-8.8000 2.05508281
-8.7000 1.94703077
-8.6000 1.84560290
-8.5000 1.75151289
-8.4000 1.66540109
-8.3000 1.58782817
-8.2000 1.51926944
-8.1000 1.46011019
-8.0000 1.41064175
-7.9000 1.37105866
-7.8000 1.34145665
-7.7000 1.32183177
-7.6000 1.31208033
-7.5000 1.31200002
-7.4000 1.32129190
-7.3000 1.33956338
-7.2000 1.36633214
-7.1000 1.40103096
-7.0000 1.44301340
-6.9000 1.49156024
-6.8000 1.54588665
-6.7000 1.60515008
-6.6000 1.66845864
-6.5000 1.73488001
-6.4000 1.80345080
-6.3000 1.87318610
-6.2000 1.94308940
-6.1000 2.01216250
-6.0000 2.07941550
-5.9000 2.14387666
-5.8000 2.20460218
-5.7000 2.26068554
-5.6000 2.31126664
-5.5000 2.35554033
-5.4000 2.39276449
-5.3000 2.42226744
-5.2000 2.44345466
-5.1000 2.45581468
-5.0000 2.45892427
-4.9000 2.45245261
-4.8000 2.43616461
-4.7000 2.40992326
-4.6000 2.37369100
-4.5000 2.32753012
-4.4000 2.27160207
-4.3000 2.20616594
-4.2000 2.13157577
-4.1000 2.04827711
-4.0000 1.95680250
-3.9000 1.85776616
-3.8000 1.75185789
-3.7000 1.63983614
-3.6000 1.52252044
-3.5000 1.40078323
-3.4000 1.27554110
-3.3000 1.14774569
-3.2000 1.01837414
-3.1000 0.88841934
-3.0000 0.75887999
-2.9000 0.63075067
-2.8000 0.50501185
-2.7000 0.38262012
-2.6000 0.26449863
-2.5000 0.15152786
-2.4000 0.04453682
-2.3000 -0.05570521
-2.2000 -0.14849640
-2.1000 -0.23320937
-2.0000 -0.30929743
-1.9000 -0.37630009
-1.8000 -0.43384763
-1.7000 -0.48166481
-1.6000 -0.51957360
-1.5000 -0.54749499
-1.4000 -0.56544973
-1.3000 -0.57355819
-1.2000 -0.57203909
-1.1000 -0.56120736
-1.0000 -0.54147098
-0.9000 -0.51332691
-0.8000 -0.47735609
-0.7000 -0.43421769
-0.6000 -0.38464247
-0.5000 -0.32942554
-0.4000 -0.26941834
-0.3000 -0.20552021
-0.2000 -0.13866933
-0.1000 -0.06983342
-0.0000 -0.00000000
0.1000 0.06983342
0.2000 0.13866933
0.3000 0.20552021
0.4000 0.26941834
0.5000 0.32942554
0.6000 0.38464247
0.7000 0.43421769
0.8000 0.47735609
0.9000 0.51332691
1.0000 0.54147098
1.1000 0.56120736
1.2000 0.57203909
1.3000 0.57355819
1.4000 0.56544973
1.5000 0.54749499
1.6000 0.51957360
1.7000 0.48166481
1.8000 0.43384763
1.9000 0.37630009
2.0000 0.30929743
2.1000 0.23320937
2.2000 0.14849640
2.3000 0.05570521
2.4000 -0.04453682
2.5000 -0.15152786
2.6000 -0.26449863
2.7000 -0.38262012
2.8000 -0.50501185
2.9000 -0.63075067
3.0000 -0.75887999
3.1000 -0.88841934
3.2000 -1.01837414
3.3000 -1.14774569
3.4000 -1.27554110
3.5000 -1.40078323
3.6000 -1.52252044
3.7000 -1.63983614
3.8000 -1.75185789
3.9000 -1.85776616
4.0000 -1.95680250
4.1000 -2.04827711
4.2000 -2.13157577
4.3000 -2.20616594
4.4000 -2.27160207
4.5000 -2.32753012
4.6000 -2.37369100
4.7000 -2.40992326
4.8000 -2.43616461
4.9000 -2.45245261
5.0000 -2.45892427
5.1000 -2.45581468
5.2000 -2.44345466
5.3000 -2.42226744
5.4000 -2.39276449
5.5000 -2.35554033
5.6000 -2.31126664
5.7000 -2.26068554
5.8000 -2.20460218
5.9000 -2.14387666
6.0000 -2.07941550
6.1000 -2.01216250
6.2000 -1.94308940
6.3000 -1.87318610
6.4000 -1.80345080
6.5000 -1.73488001
6.6000 -1.66845864
6.7000 -1.60515008
6.8000 -1.54588665
6.9000 -1.49156024
7.0000 -1.44301340
7.1000 -1.40103096
7.2000 -1.36633214
7.3000 -1.33956338
7.4000 -1.32129190
7.5000 -1.31200002
7.6000 -1.31208033
7.7000 -1.32183177
7.8000 -1.34145665
7.9000 -1.37105866
8.0000 -1.41064175
8.1000 -1.46011019
8.2000 -1.51926944
8.3000 -1.58782817
8.4000 -1.66540109
8.5000 -1.75151289
8.6000 -1.84560290
8.7000 -1.94703077
8.8000 -2.05508281
8.9000 -2.16897914
9.0000 -2.28788151
9.1000 -2.41090164
9.2000 -2.53711009
9.3000 -2.66554558
9.4000 -2.79522457
9.5000 -2.92515112
9.6000 -3.05432678
9.7000 -3.18176063
9.8000 -3.30647913
9.9000 -3.42753589
10.0000 -3.54402111
