1.314830922376477702e+03
1.409287831463244402e+03
1.345812364864187202e+03
1.351455202335318972e+03
1.399267200690767368e+03
1.266569449780689183e+03
1.399640258363822113e+03
1.371852912232254539e+03
1.380068661164882315e+03
1.382411437410018607e+03
1.325218631632033521e+03
1.372884792887021831e+03
1.380596395687022778e+03
1.271259006499046336e+03
1.332778625362603634e+03
1.388823177171103225e+03
1.449447503568751927e+03
1.259448077419744777e+03
1.299313041512093832e+03
1.396501511335389750e+03
1.342795143989433882e+03
1.357858153115782443e+03
1.291993559201111339e+03
1.251371519394653205e+03
1.479046652822080887e+03
1.380231562618295129e+03
1.286020612636826399e+03
1.368130292201347629e+03
1.288409285093065137e+03
1.408999290113725692e+03
1.236520394205650973e+03
1.555150889483591072e+03
1.292026468175191894e+03
1.326695726607817505e+03
1.317272981928175795e+03
1.345274332692125881e+03
1.374125165921885582e+03
1.332509744286339583e+03
1.404660823691785936e+03
1.353673982311138843e+03
1.307026287281451459e+03
1.422541858507802772e+03
1.273639270731429406e+03
1.259318279339870287e+03
1.382133541040831005e+03
1.460527305954544772e+03
1.315274330286864142e+03
1.283786863366655552e+03
1.390860633154153902e+03
1.430703078611219098e+03
1.447743310284329255e+03
1.349225914575058141e+03
1.318708815737138593e+03
1.426049912570076231e+03
1.467771572268691216e+03
1.381052708013259689e+03
1.275863868605389143e+03
1.343522221856740089e+03
1.494603466443430989e+03
1.386826152739070267e+03
1.391565183077436814e+03
1.407397846153485034e+03
1.361096558591450048e+03
1.299480031113560926e+03
1.460485905778354208e+03
1.426696021326079972e+03
1.441184978864383083e+03
1.353166623788113611e+03
1.447984799411977974e+03
1.467340702188769001e+03
1.403090513019737045e+03
1.434499287924195414e+03
1.331903361255348500e+03
1.479307592686490352e+03
1.342163460866440573e+03
1.281523494457935158e+03
1.426769692442078849e+03
1.477496006680563141e+03
1.437426247570376745e+03
1.407860940104361816e+03
1.436999533530364943e+03
1.498268962319466482e+03
1.252207160174739784e+03
1.362138681991408703e+03
1.281341063560082830e+03
1.418184389574551005e+03
1.438616877740689233e+03
1.291385123126854296e+03
1.389962634154437183e+03
1.220910613303731452e+03
1.292283088867747665e+03
1.358571913102723101e+03
1.295041560935763300e+03
1.441835955716745730e+03
1.206838245654052116e+03
1.432624490680082999e+03
1.416739001925237517e+03
1.443486189504311824e+03
1.366351064799084725e+03
1.294791408458291698e+03
