1.334840084474788227e+03
1.196765511498152819e+03
1.433905021555315216e+03
1.423900189054574184e+03
1.296490971150507903e+03
1.387129422871240877e+03
1.422148869728973978e+03
1.318501341672555327e+03
1.300474986101659397e+03
1.442213617732711555e+03
1.237146033958180396e+03
1.347254944990173954e+03
1.275171001048462585e+03
1.324911165999821151e+03
1.241997934457532892e+03
1.437847900975487846e+03
1.264751822034174893e+03
1.299884801921951293e+03
1.397868162146093709e+03
1.318807116807286548e+03
1.370196878821916016e+03
1.362477637936059182e+03
1.366502775601317353e+03
1.322129678041862462e+03
1.193616548904120009e+03
1.357914513166710094e+03
1.323857444086715759e+03
1.399890112382385723e+03
1.411647586785216845e+03
1.353680508277398758e+03
1.335590076940749441e+03
1.338055335698167255e+03
1.451476945850903121e+03
1.359627919429967733e+03
1.381537044313540946e+03
1.399026115438833585e+03
1.326558570376329044e+03
1.374840644428184987e+03
1.404426619190032625e+03
1.338170291307546677e+03
1.366833038702374779e+03
1.396637860779280800e+03
1.383955072190059354e+03
1.449407288528041136e+03
1.293093735216878940e+03
1.400358851991275287e+03
1.365235809452307194e+03
1.407523452249819456e+03
1.492234503774197492e+03
1.414801242291978497e+03
1.355888415622057209e+03
1.291981901888590073e+03
1.434733979209015388e+03
1.264017680285292499e+03
1.402505477935089630e+03
1.506690324088207490e+03
1.425116194670628829e+03
1.413568258387674859e+03
1.347257373236672265e+03
1.383224562665147005e+03
1.368217723149024096e+03
1.334042485870695600e+03
1.399033182389568083e+03
1.334888370352235142e+03
1.305242455368048240e+03
1.366303280161456314e+03
1.414906657900986829e+03
1.337625406914669838e+03
1.276299518856604436e+03
1.354696619803082513e+03
1.302230301871836218e+03
1.351093509246699796e+03
1.409894859158878717e+03
1.449486612106052917e+03
1.327377535636390348e+03
1.293742297768078060e+03
1.188715941967967183e+03
1.329954587860530637e+03
1.392696625314295716e+03
1.402889982477038302e+03
1.311668772561523156e+03
1.276340946509163132e+03
1.422593348078543613e+03
1.305032023744317939e+03
1.321005631033854115e+03
1.466237983192218962e+03
1.355274201914316109e+03
1.416728821819780023e+03
1.427640989563402854e+03
1.417785266799189685e+03
1.433684466281146342e+03
1.434913352279453420e+03
1.311648422860558867e+03
1.401677718239384603e+03
1.411922468268146076e+03
1.392034607480504064e+03
1.320174117986014835e+03
1.407026024807241356e+03
1.336485060311655616e+03
1.364856334808698648e+03
