2.503359700005895547e+02
2.436482436785628920e+02
2.527169453834337389e+02
2.414813175011189799e+02
2.604144667016702215e+02
2.506793046039631747e+02
2.246439042847671885e+02
2.699435095696143776e+02
2.668342171639762341e+02
2.606725287382172951e+02
2.624170140041962895e+02
2.683676228898711997e+02
2.402977248510237018e+02
2.417440019413376149e+02
2.239699520082168362e+02
2.529212781919719646e+02
2.350278152400876479e+02
2.775095842021406156e+02
2.642497164554604296e+02
2.717785972240706656e+02
2.654782790565622008e+02
2.639920872225256971e+02
2.252696200072738577e+02
2.640872654166770985e+02
2.491090007966647306e+02
2.489887471126860419e+02
2.496047418336311239e+02
2.446496161441045842e+02
2.445811655016051418e+02
2.500722409917934499e+02
2.478967520563324172e+02
2.476510618949412788e+02
2.338166929800541425e+02
2.764870105297985106e+02
2.538074753488562862e+02
2.459821105244834030e+02
2.167788910515371299e+02
2.733488495270594285e+02
2.360154027640803349e+02
2.410188005547680916e+02
2.526602951930067320e+02
2.623237181271178997e+02
2.797338762909869274e+02
2.570610690004422167e+02
2.525883665629467885e+02
2.483377778711263772e+02
2.527004410108208958e+02
2.555336048096853006e+02
2.752268930442635906e+02
2.445937116280310875e+02
2.506604778554019504e+02
2.390918587326594889e+02
2.504287335403859629e+02
2.497070933284481384e+02
2.467171788260314145e+02
2.316293685201514450e+02
2.251954424865282647e+02
2.348887492162344586e+02
2.500527972286246552e+02
2.396610670596867863e+02
2.635222562858329525e+02
2.463130664539507393e+02
2.223773489437067497e+02
2.566767248830278731e+02
2.575116842630955034e+02
2.487191634509768505e+02
2.696527498750618292e+02
2.493118655593410438e+02
2.548450179630684715e+02
2.431511207794742404e+02
2.643516581871803055e+02
2.392061353417996656e+02
2.388639311828956124e+02
2.584071295425632115e+02
2.524240456830345352e+02
2.559071540957155548e+02
2.671765247857717895e+02
2.548959666747096549e+02
2.647137979821554836e+02
2.347898719526727405e+02
2.621660525603382439e+02
2.700782263310862845e+02
2.393948325385479450e+02
2.576267825123342163e+02
2.348301161975379330e+02
2.547988123322830063e+02
2.568098002027006146e+02
2.408895082354556507e+02
2.343051688957292527e+02
2.507265594417779369e+02
2.478170544432134363e+02
2.416769856365968394e+02
2.618585316980486937e+02
2.452667121616082113e+02
2.559398568350211463e+02
2.293332516794516209e+02
2.438326309761363859e+02
2.388220567532685266e+02
2.479048458992593567e+02
2.282303568519073451e+02
